156   BaBar_tau2egam	    524.    0.919   0.039       0.003	1.6	0.4	0
157   BaBar_tau2mugam	    524.    0.919   0.061       0.005	3.6	0.7	2
156   Belle_tau2egam        535.    0.919   0.030       0.001   5.14    3.3     5
157   Belle_tau2mugam       535.    0.919   0.0507      0.002   13.9    5.0     10
164   BaBar_tau2erho	    451.    0.919   0.0731	0.002	1.32	0.17	1
165   BaBar_tau2murho       451.    0.919   0.0452	0.004	2.04	0.19	0
168   BaBar_tau2ekstar      451.    0.919   0.08	0.002	1.65	0.23	2
169   BaBar_tau2mukstar     451.    0.919   0.046	0.004	1.79	0.21	4
170   BaBar_tau2ekstarBAR   451.    0.919   0.078	0.002	2.76	0.28	2
171   BaBar_tau2mkstarBAR   451.    0.919   0.041	0.003	1.72	0.17	1
176   BaBar_tau2ephi	    451.    0.919   0.064	0.002	0.68	0.12	0
177   BaBar_tau2muphi       451.    0.919   0.052	0.003	2.76	0.16	6
166   BaBar_tau2eomega	    451.    0.919   0.0296	0.0013	0.35	0.06	0
167   BaBar_tau2muomega     451.    0.919   0.0256	0.0016	0.73	0.03	0
164   Belle_tau2erho	    854.    0.919   0.0758	0.0041	0.29	0.15	0
165   Belle_tau2murho       854.    0.919   0.0709	0.0037	1.48	0.35	0
168   Belle_tau2ekstar	    854.    0.919   0.0437	0.0024	0.29	0.14	0
169   Belle_tau2mukstar	    854.    0.919   0.0339      0.0019  0.53    0.20    1
170   Belle_tau2ekstarBAR   854.    0.919   0.0441	0.00247	0.08	0.08	0
171   Belle_tau2mkstarBAR   854.    0.919   0.036	0.00198	0.45	0.17	1
176   Belle_tau2ephi	    854.    0.919   0.0418	0.00246	0.47	0.19	0
177   Belle_tau2muphi 	    854.    0.919   0.0321	0.00186	0.06	0.06	1
166   Belle_tau2eomega	    854.    0.919   0.0292	0.00181	0.30	0.14	0
167   Belle_tau2muomega	    854.    0.919   0.0238	0.00145	0.72	0.18	0
178   BaBar_tau23e          472.    0.919   0.086	0.002	0.12	0.02	0 
179   BaBar_tau2mmeOS	    472.    0.919   0.064	0.004	0.54	0.14	0
180   BaBar_tau2mmeSS	    472.    0.919   0.102	0.006	0.03	0.02	0
181   BaBar_tau2meeOS	    472.    0.919   0.088	0.005	0.64	0.19	0
182   BaBar_tau2meeSS	    472.    0.919   0.127	0.007	0.34	0.12	0
183   BaBar_tau23mu	    472.    0.919   0.066	0.006	0.44	0.17	0
178   Belle_tau23e	    782.    0.919   0.06	0.0059	0.21	0.15	0
179   Belle_tau2mmeOS	    782.    0.919   0.061	0.0058	0.10	0.04	0
180   Belle_tau2mmeSS	    782.    0.919   0.101	0.0077	0.02	0.02	0
181   Belle_tau2meeOS	    782.    0.919   0.093	0.0073	0.04	0.04	0
182   Belle_tau2meeSS	    782.    0.919   0.115	0.0089	0.01	0.01	0
183   Belle_tau23mu	    782.    0.919   0.076	0.0056	0.13	0.2	0
211   BaBar_tau2Lpi	    237.    0.919   0.122	0.085	0.56    0.56    0
212   BaBar_tau2LBARpi	    237.    0.919   0.1228      0.085   0.42    0.42    0
213   BaBar_tau2LK	    237.    0.919   0.0947      0.0066  0.12    0.12    1
214   BaBar_tau2LBARK	    237.    0.919   0.1063      0.0074  0.26    0.26    0	
211   Belle_tau2Lpi	    906.    0.919   0.0439	0.0036	0.31	0.18	0
212   Belle_tau2LBARpi	    906.    0.919   0.048	0.0039	0.21	0.15	0
213   Belle_tau2LK	    906.    0.919   0.0316	0.0027	0.42	0.19	0
214   Belle_tau2LBARK       906.    0.919   0.0411      0.0035	0.31	0.14	0
160   BaBar_tau2eKs	    469.    0.919   0.091	0.0173	0.59	0.25	1
161   BaBar_tau2muKs	    469.    0.919   0.0614	0.002	0.30	0.18	1
160   Belle_tau2eKs	    671.    0.919   0.102	0.0067	0.18	0.18	0
161   Belle_tau2muKs	    671.    0.919   0.107	0.0073	0.35	0.21	0
